<?xml version="1.0" encoding="UTF-8" standalone="no"?>
<!DOCTYPE svg PUBLIC "-//W3C//DTD SVG 20010904//EN"
              "http://www.w3.org/TR/2001/REC-SVG-20010904/DTD/svg10.dtd">

<svg xmlns="http://www.w3.org/2000/svg"
     width="11.1111in" height="8.33333in"
     viewBox="0 0 800 600">
  <path id="Seleção"
        fill="none" stroke="black" stroke-width="1"
        d="M 800.00,0.00
           C 800.00,0.00 800.00,600.00 800.00,600.00
             800.00,600.00 0.00,600.00 0.00,600.00
             0.00,600.00 0.00,501.00 0.00,501.00
             0.00,501.00 799.00,501.00 799.00,501.00
             799.00,501.00 799.00,1.00 799.00,1.00
             799.00,1.00 235.00,1.00 235.00,1.00
             235.00,1.00 70.00,1.00 70.00,1.00
             70.00,1.00 22.00,1.00 22.00,1.00
             22.00,1.00 0.00,0.00 0.00,0.00
             0.00,0.00 800.00,0.00 800.00,0.00 Z" />
</svg>
